__________________________________________________________________________________________________________________________________________________________________________________________________________________________
|Metodos Ordenacao  | 			Arquivo Ordenado			 | 			Arquivo em Ordem Reversa			 | 			Arquivo Randomico			 |
_________________________________________________________________________________________________________________________________________________________________________________________________________________________|
		   | Comp.Prog.*  | Comp.Equa.#  | Mov.Prog.+  | Mov.Equa.-  | Tempo(ms)| Comp.Prog.*  | Comp.Equa.#  | Mov.Prog.+  | Mov.Equa.-  | Tempo(ms)| Comp.Prog.*  | Comp.Equa.#  | Mov.Prog.+  | Mov.Equa.-  | Tempo(ms)|
_________________________________________________________________________________________________________________________________________________________________________________________________________________________|
Insercao Direta    |	1023        |	1023,0      |	1023       |	3069,0     |	4936    |	524799      |	262399,0    |	524799     |	525822,0   |	1779714 |	264787      |	262399,5    |	264787     |	264445,5   |	966317  |
_________________________________________________________________________________________________________________________________________________________________________________________________________________________|
Insercao Binaria   |	10240       |	2570,5      |	1023       |	3069,0     |	21985   |	9227        |	2570,5      |	524799     |	525822,0   |	2056291 |	9248        |	2570,5      |	265123     |	264445,5   |	964515  |
_________________________________________________________________________________________________________________________________________________________________________________________________________________________|
Selecao Direta     |	523776      |	523776,0    |	0          |	3069,0     |	785301  |	523776      |	523776,0    |	1024       |	525822,0   |	795294  |	523776      |	523776,0    |	2028       |	3673,6     |	793078  |
_________________________________________________________________________________________________________________________________________________________________________________________________________________________|
Bolha              |	1023        |	1023,0      |	0          |	0,0        |	3039    |	523776      |	523776,0    |	1047552    |	1571328,0  |	3550483 |	521885      |	261888,0    |	527528     |	785664,0   |	2651464 |
_________________________________________________________________________________________________________________________________________________________________________________________________________________________|
Shake              |	523776      |	0,0         |	0          |	0,0        |	1631165 |	523776      |	0,0         |	1047552    |	0,0        |	3661276 |	523776      |	0,0         |	527528     |	0,0        |	2642615 |
_________________________________________________________________________________________________________________________________________________________________________________________________________________________|
Shell Sort         |	5601        |	0,0         |	5601       |	0,0        |	27153   |	9175        |	0,0         |	10031      |	0,0        |	40672   |	14842       |	0,0         |	15295      |	0,0        |	59052   |
_________________________________________________________________________________________________________________________________________________________________________________________________________________________|
Heap Sort          |	523776      |	0,0         |	16638      |	0,0        |	1603496 |	523776      |	0,0         |	14870      |	0,0        |	1633883 |	523776      |	0,0         |	16568      |	0,0        |	1771426 |
_________________________________________________________________________________________________________________________________________________________________________________________________________________________|
Quick c/ Pivo      |	8204        |	0,0         |	1024       |	0,0        |	17742   |	7190        |	0,0         |	2048       |	0,0        |	20460   |	7500        |	0,0         |	5828       |	0,0        |	40182   |
_________________________________________________________________________________________________________________________________________________________________________________________________________________________|
Quick s/ Pivo      |	9228        |	0,0         |	1024       |	0,0        |	18258   |	9238        |	0,0         |	2048       |	0,0        |	19719   |	13346       |	0,0         |	5476       |	0,0        |	33691   |
_________________________________________________________________________________________________________________________________________________________________________________________________________________________|
Merge 1a Impl      |	5120        |	0,0         |	20480      |	0,0        |	83960   |	5120        |	0,0         |	20480      |	0,0        |	83821   |	8958        |	0,0         |	20480      |	0,0        |	90111   |
_________________________________________________________________________________________________________________________________________________________________________________________________________________________|
Merge 2a Impl      |	5120        |	0,0         |	20480      |	0,0        |	82981   |	5120        |	0,0         |	20480      |	0,0        |	82794   |	8958        |	0,0         |	20480      |	0,0        |	89546   |
_________________________________________________________________________________________________________________________________________________________________________________________________________________________|
Counting Sort      |	0           |	0,0         |	1024       |	0,0        |	11031   |	0           |	0,0         |	1024       |	0,0        |	10966   |	0           |	0,0         |	1024       |	0,0        |	11141   |
_________________________________________________________________________________________________________________________________________________________________________________________________________________________|
Bucket Sort        |	105472      |	0,0         |	2048       |	0,0        |	181853  |	105472      |	0,0         |	2048       |	0,0        |	247004  |	153600      |	0,0         |	2048       |	0,0        |	314044  |
_________________________________________________________________________________________________________________________________________________________________________________________________________________________|
Radix Sort         |	0           |	0,0         |	8192       |	0,0        |	36959   |	0           |	0,0         |	8192       |	0,0        |	38314   |	0           |	0,0         |	8192       |	0,0        |	36150   |
_________________________________________________________________________________________________________________________________________________________________________________________________________________________|
Comb Sort          |	19168       |	0,0         |	0          |	0,0        |	60618   |	20191       |	0,0         |	3284       |	0,0        |	68495   |	23260       |	0,0         |	8560       |	0,0        |	90351   |
_________________________________________________________________________________________________________________________________________________________________________________________________________________________|
Gnome Sort         |	1023        |	0,0         |	0          |	0,0        |	3371    |	1047552     |	0,0         |	1047552    |	0,0        |	5554405 |	528545      |	0,0         |	527528     |	0,0        |	2784202 |
_________________________________________________________________________________________________________________________________________________________________________________________________________________________|
Tim Sort           |	7680        |	0,0         |	11232      |	0,0        |	53080   |	7778        |	0,0         |	28065      |	0,0        |	114237  |	9603        |	0,0         |	20293      |	0,0        |	90854   |
_________________________________________________________________________________________________________________________________________________________________________________________________________________________|
